0  0  4.4 1.520
58 0  4.6 1.095
35    36    4.4     1.525
33    42    5.08     1.498
34    42    5.08     1.498
35    42    5.08     1.498
36    42    5.08     1.500
33    38    5.08     1.510
34    38    5.08     1.510
35    38    5.08     1.510
36    38    5.08     1.508
33    37    5.3     1.465
34    37    5.3     1.465
35    37    5.3     1.465
36    37    5.3     1.465
33    41    4.8     1.501
34    41    4.8     1.501
35    41    4.8     1.501
36    41    4.8     1.501
38    41    5.08     1.495
33    40    5.08     1.495
34    40    5.08     1.495
35    40    5.08     1.500
36    40    5.08     1.500
33    39    5.0     1.500
34    39    5.0     1.500
35    39    5.0     1.500
36    39    5.0     1.500
38    39    5.0     1.510
38    38    5.08     1.469
42    42    5.08     1.460
38    42    5.08     1.455
41    57    11.0     1.221
39    57    10.0     1.220
43    56    5.08     1.440
53    57    9.13     1.220
54    56    9.13     1.220
41    42    5.08     1.460
42    42    9.7     1.335
38    38    7.83     1.385
37    37    15.6     1.207
38    46    4.6     1.386
42    46    4.6     1.330
33    48    4.6     1.495
34    48    4.6     1.495
35    48    4.6     1.495
36    48    4.6     1.495
38    49    10.0     1.360
33    50    5.0     1.460
34    50    5.0     1.460
35    50    5.0     1.460
38    50    5.0     1.410
39    50    7.5     1.350
42    51    10.0     1.320
38    51    4.6     1.370
37    52    18.1     1.154
33    53    4.6     1.480
33    54    4.6     1.470
38    54    4.6     1.470
33    56    5.0     1.425
34    56    5.0     1.425
35    56    5.0     1.425
36    56    5.0     1.425
38    56    5.0     1.370
42    56    5.0     1.344
40    56    5.0     1.340
40    57    12.0     1.221
58    38    5.0     1.085
58    37    5.85     1.057
58    42    5.1     1.085
58    48    6.4     1.039
58    56    7.0     0.958