58 0  0  58 1 0.1164
58 0  0  0  1 0.1164
58 0  38 38 1 0.10
58 38 38 0  4 2.0
58 34 41 0  1 0.03
58 35 41 0  1 0.03
58 33 41 0  1 0.03
58 42 42 0  4 7.5
58 42 34 0  1 0.25
58 42 35 0  1 0.25
58 42 36 0  1 0.25
58 33 42 0  1 0.25
58 34 42 0  1 0.25
58 35 42 0  1 0.25
58 42 42 0  4 0.10
58 0  42 42 1 -0.2
58 41 42 0  4 0.10
58 39 39 0  1 0.0
0  37 37 0  1 0.0
0  35 37 37 1 0.0
0  36 37 37 1 0.0
0  42 38 49 4 0.4
0  35 38 49 1 0.1
58 0  0  56 1 0.165
0  0  0  0  1 0.07464
0  0  38 38 1 0.1
0  38 38 38 4 2.0
0  38 38 0  4 2.0
38 38 41 0  4 0.4
0  34 41 0  1 0.03
0  35 41 0  1 0.03
0  36 41 0  1 0.03
0  42 42 0  4 7.5
0  34 42 0  1 0.165
0  35 42 0  1 0.165
0  0  42 42 1 -0.2
0  42 42 56 4 7.5
0  35 43 57 1 -0.03
0  34 39 57 1 -0.05
0  35 39 57 1 0.5
0  36 39 57 1 0.5
0  38 38 56 4 2.0
0  34 37 52 1 0.0
0  36 37 52 1 0.0
0  0  0  56 1 0.11
0  34 40 57 1 -0.03
0  35 40 57 1 -0.03
0  36 40 57 1 -0.03
0  34 40 56 1 0.1
0  35 40 56 1 0.1
0  36 40 56 1 0.1
0  34 41 57 1 -0.1
0  35 41 57 1 -0.1
0  36 41 57 1 -0.1
0  42 41 57 4 0.1
42 42 0  56 5 0.0 0.1
0  39 50 58 4 0.1
51 42 46 0  1 0.08
57 39 50 0  4 4.5
58 0  56 58 1 0.11
58 33 56 0  1 0.20
58 34 56 0  1 0.20
58 35 56 0  1 0.20
58 40 56 0  1 0.20
56 0  0  56 1 0.11
58 42 51 0  4 7.5
0  0  46 58 1 0.12
38 38 46 0  4 2.0
0  39 50 0  4 0.1
58 42 56 0  1 0.11
0  34 56 0  1 0.20
0  35 56 0  1 0.20
0  36 56 0  1 0.20
42 40 56 0  4 3.0
42 42 56 0  4 -0.2
0  38 56 0  4 2.0
0  40 56 58 4 0.165
0  0  56 58 1 0.165
57 40 56 0  5 3.0 1.0
56 35 56 0  1 0.2
56 36 56 0  1 0.2
58 33 41 58 1 0.10
58 33 42 58 1 0.25
58 34 42 58 1 0.20
58 35 42 58 1 0.20
58 42 42 58 4 7.5
58 41 42 58 4 0.10
58 37 37 58 1 0.0
58 38 38 38 4 2.0
58 33 42 42 1 -0.2
58 41 42 42 4 0.10
58 42 42 42 4 0.10
58 33 37 37 1 0.0
58 35 37 37 1 0.0
58 38 38 49 4 2.0
38 38 42 42 5 2.4 -0.53
42 42 42 42 5 2.4 -0.15
38 38 38 38 4 1.0
38 38 38 49 4 5.0
38 38 39 50 4 4.0
58 35 38 49 1 0.1
58 33 37 52 1 0.0
58 34 37 52 1 0.0
58 33 40 57 1 -0.02
58 34 40 57 1 -0.03
58 35 40 57 1 -0.03
58 33 40 56 1 0.02
58 34 40 56 1 0.10
58 35 40 56 1 0.10
58 33 41 57 1 -0.10
58 34 41 57 1 -0.10
58 35 41 57 1 -0.10
58 42 41 57 4 0.10
58 34 43 57 1 -0.03
58 35 43 57 1 -0.03
58 42 42 56 4 7.5
58 38 38 56 4 2.0
58 33 39 57 1 0.5
58 34 39 57 1 -0.5
58 35 39 57 1 0.5
38 38 38 38 4 5.0
38 38 38 56 4 2.0
38 38 39 57 4 0.4
38 38 41 57 4 0.4
56 34 40 57 1 -0.03
56 35 40 57 1 -0.03
56 36 40 57 1 -0.03
38 38 41 57 4 0.4
42 42 41 57 5 3.4 -0.37
38 38 51 42 4 1.0
38 38 54 57 1 0.9
51 42 46 58 1 0.12
49 38 51 42 4 0.1
57 39 50 58 4 4.5
58 40 56 58 4 0.11
56 35 41 57 1 -0.1
56 38 38 56 4 2.0
58 39 50 58 4 0.1
58 38 49 38 4 2.0
58 38 51 42 1 0.5
58 33 54 57 1 0.0
58 33 53 57 1 -0.18
38 38 34 58 4 2.0
38 38 49 38 4 5.0
58 38 56 38 4 2.0
38 38 56 58 4 1.1
57 40 56 58 5 4.95 1.05
56 35 56 58 1 0.165